1.071520488494052820e-01
1.224791826031014358e-01
1.399987245433536587e-01
1.600242788791236825e-01
1.829143080718106384e-01
2.090785494035057313e-01
2.389853493774391213e-01
2.731700472382317946e-01
3.122445576790754962e-01
3.569083242687093316e-01
4.079608396672932402e-01
4.663159567461907518e-01
5.330182467843092020e-01
6.092616975568239113e-01
6.964110860167838091e-01
7.960264081459723640e-01
9.098908032755047559e-01
1.040042472728525347e+00
1.188811164136738929e+00
1.358859874509225296e+00
1.553232518548959273e+00
1.775408415491898761e+00
2.029364569796765050e+00
2.319646860525540699e+00
2.651451413722505812e+00
3.030717614377867797e+00
3.464234422913538225e+00
3.959761899282916886e+00
4.526170109996623836e+00
5.173597904544902981e+00
5.913634403354621760e+00
6.759526445960940322e+00
7.726415712768131883e+00
8.831609764938734841e+00
1.009489185409326772e+01
1.153887504749204140e+01
1.318940700762897222e+01
1.507603267189399077e+01
1.723252311438631068e+01
1.969748005663823420e+01
2.251502684814349919e+01
2.573559828541537797e+01
2.941684340753459992e+01
3.362465742845447636e+01
3.843436127791097334e+01
4.393204986501718423e+01
5.021613319879942594e+01
5.739909795212052757e+01
6.560952100142783650e+01
7.499437098519369727e+01
